22242202621
222614212224051519
81621913228146214
2626252626192614262268
142227222642228
232122262126250224
21260231426262114
621211922621142620
142328314222314281424
21213865191422213
22222624148322
198202160261821
172224191421081182414
26222732624323
162223192226321221823
212232226292223292
262224119142226
1413014242614261426
251422262335
26214142825
32613261492912622
2423191421222523245261324
22119268131422539
21172922821261322
1428222202610230
28322221142592626
2814262221926268
2214289014
2416132614262126033
0628622252613
1324222322160
10262632924726
21926140222322282616
9260822622
022212414222226142126
2921222233222526232220126
220262831924
1914232217226
22614222122252502802672272
5220222226146226
15216142112122
23131400221026
26202222219
229022232219152514
2238232526185228
182615227260198
262116141392321223142221218
0921140320262829824
22232222
121323822143
92222279222
1413142252282122
10232433
26222822313148
31829212121221222202214
2822231414015262142226132
2313202212211459
260162152614
026291482124
391411426
26241702426212219
21311219321262613
52132514242222
261319262228
92422261822814286
141614233240
29226261625261623
19021410112102625
1114295249282523173
2283222262614
232514260241425280269728
14222618352623
2625322182111422131242622141522
22261425251322
280921725019142192
22392629263
331082624022
1792623222676
57263223352621425
252813714142213
50326251026268722
27822628322514
2517283225
222162716222426
07279280123212636228
3122289
1141410229142823242212619
14028262211283
22052626141315282628223
2142814231422180
026262921322122282226
262610285326
67221323126222201512
14201926135242224
62226212128292226
2414212621222617242714229141142422314
2425266262614326
2212621823241423
26241424182132113250
23268228292262312614
51726229231021
14102313262622192472622212
13221414128162231
26314170217192618
22328314221421232223262228
71426822172225232519
2291410142626221926
14269382214220722225
222624726252222
1371827229316
02522261524221232212621726
3267281403622
232222232292623223196
20022014828231925832224192222
132613282226213
1421226162232132922621105
15172208222026082325
22
1413261402432322222228
13142226145132232021329224191614
2602651823326022
221521214282420222192323
14232625214152626141423191914
22262532414140273617
26162826282226291426
92132529209533
13262822622131623
2503212028192322015
31219221922802614282611
242002021422
11082118250021519142413
21921614114
8145260142
1432232241480132614141824
3221426262414192421427826022
33242202610
2212214126228
28141524814022
2214216021419
26226225223231924
0282822717161932214013
130143262681221321
132223024170
228132622322225
62222212522322282618
132622261421240
26212126220
22222128026224145
11314151428822242152424142226
21272686
1914262114112145017142122422
26140319020328222228
222222601622
03221010221262222
2614002632527172224
0824282326222
